14.3 12.45
33.1 12.75
34.65 26.85
30.75 24
29.7 9.9
10.35 19
30.3 23.1
33.5 21.3
22.3 22.8
18.85 3.2
33.25 27.55
6.1 26
33.05 5.15
22 6.75
9.35 10.5
17.5 8.25
7.4 21.55
6.95 19.8
32.65 17.05
13.4 4.35
15.45 10.55
17.05 6.05
13.6 2.55
16.35 5.35
22.4 10.05
33.25 18.95
10.7 20.35
35.7 26.15
5.8 18.25
23.15 4.4
34.7 8
23.65 6.5
32.55 22.05
5.7 4.45
10.5 28.35
19.85 5.5
31.3 12.7
31.45 24.45
20.15 25.05
24.7 22.2
18.65 4.2
32.6 16.15
22.15 4.35
12.4 7.1
22.2 8.7
32.05 18.6
17.55 11.3
20.75 8.75
31.95 11.35
24.1 21.9
34 10.85
32 3.8
5.4 19.65
30.4 5.65
21.2 9.25
9.85 20.7
19.8 7.5
12.95 7.6
8.55 27.45
8.3 19.45
17.65 5.7
22 3.25
8.05 2.75
8.45 25.05
19.8 3.25
10.55 23.55
8.85 24.6
32.8 19.15
9.65 28.45
35.95 6.05
16.2 4.55
21.4 22.3
7.4 25.45
34.85 18.85
33.65 27
29.95 21.6
7.05 10.05
15.55 11.15
23.05 10.9
34.9 23.5
15.75 7.75
11.75 10.85
17.35 10.85
8.2 20.05
9.05 18.2
29.6 25.5
8.45 17.2
30.95 9.85
16.6 6.85
5.4 25.25
13.35 28.45
7.85 26.8
30.9 11.45
6.2 4.25
6.6 20.1
20 8.2
10.05 17.2
12.85 20.75
16.75 11.5
11.9 25.05
11.85 9.8
18.8 8.35
32.95 25.5
6.75 3.55
10.35 7.7
12.15 5.4
13.9 4.95
34.55 8.85
35.2 11.75
18.05 2.45
7.05 12.45
6.4 25.4
9 10.9
32.25 12.25
12.8 10.1
11.85 27
21.45 21.45
36.25 21.95
17.9 5.4
5.2 11.9
23.4 23.8
21.75 2.65
31 17.5
18.1 11.1
5.2 2.15
33.6 5.45
34.95 12.75
7.65 20.65
31.5 6.75
13.05 6.95
11.15 22.05
24.25 8.25
35.85 23.25
12.65 3.7
19.45 10.55
7.85 4.5
15.55 5.05
22.2 5.75
3.8 21.85
29.5 21.6
31.05 4.75
8.15 4
18.05 7.35
12.2 28.65
14.5 11.8
11.1 25.2
16.95 10.35
36.35 20.6
19 2.1
7.4 24.25
29.15 20.55
20.55 8.75
20.7 3.45
23.95 9.8
14.45 28.35
34.6 4.05
30.95 22.65
35.45 24.1
11.5 4.75
4.85 23.05
21.3 11.65
9.65 24.7
19.35 12.2
9.2 27.8
8.9 17.65
32.7 28.2
12.15 18.1
5.9 2.4
8.35 23.9
20.9 9.7
7.6 4.15
35.5 20.55
22.2 3.5
19.4 9.65
34.55 19.75
32.65 11.7
13.35 8.25
4.2 25.55
30.65 21.3
32.35 25.95
16.5 9.75
31.05 22
11.35 6.9
19.2 23.7
14.5 6.55
17.8 9.3
7 12.35
15 3.4
12.4 27.85
21.95 7.55
33.7 17
34.2 27.95
6.75 2.3
30.7 9.15
10.25 27.25
8.6 25.65
4.7 22.1
12.8 5.7
30.95 24.15
16.55 4.2
31.15 8.65
11.95 17.25
11.75 3.45
11.35 28
30.45 9.95
20.4 3.4
32.8 4.8
33.7 24.85
11.35 4.05
7.1 4.3
7.9 12.5
13.65 19.25
35.5 22.9
33.8 20.4
32.4 27.1
12.3 22.75
18.7 5.75
17.05 3.7
17.2 2.05
6.75 3.2
7.65 11.1
34.2 21.75
14.15 28.8
21.85 10.7
31.65 11.05
20.15 4.3
31.95 19.1
32.45 8.8
31.6 10.5
17.25 3.05
18.75 22.95
11.05 17.5
13 29.15
6.4 24.8
10.8 5.85
5.4 2.7
5.9 23.55
8.8 11.4
23.7 8.85
4.3 22.75
35.5 9.1
13.1 5.1
8.5 3.25
20.75 7.65
13.9 17.1
4.65 21.2
13.95 6.7
33.15 12.1
19.25 6.6
5.6 20.75
21.65 10.05
11.35 23.45
36.3 5.2
35.5 7.35
6.2 3
14 19.9
18.15 3.05
31.75 20.75
5.85 23.4
9.35 20.6
6.8 13.2
29.7 26.05
19.1 4.55
3.35 23.3
8.55 26.3
5.7 3.45
34.05 3.5
11 19.85
18 12.5
31.2 12
31.25 26.05
33.65 21.9
11.9 24.5
9.25 19.65
32.95 11.15
6.85 10.9
7.35 24.75
31.9 4.4
29.2 23.85
33.25 22.25
34.25 24.1
16.05 9.6
13.75 9
23.05 3.35
6.2 3.2
6.95 22.55
31.75 20.25
17.05 5.1
36.3 23.8
12.35 18.8
13.75 28.05
7.3 27.4
21.65 8.65
11.4 18.3
29.8 24.8
16.7 12.2
12.6 24.05
32.05 5.1
6.05 20.2
12.25 17.5
21.75 8.2
20.5 22.85
34.4 9.5
33.85 20
10.1 8.65
33.3 10.3
24.25 24.35
12.95 25.95
35.8 11.55
19.4 23
11.25 27.4
22.85 21.9
34.3 18.05
12.25 7.6
30.65 26
30.4 12.05
19 11.65
23.05 3.8
17.25 9.6
17.15 8.6
7.2 4.9
7.7 13.25
6.9 11.5
34.1 27.35
9 12.7
5.1 4.35
34.8 5.85
36.35 10
21.85 6.2
8.65 21.9
16.25 11.7
7.65 23.1
32.65 4.4
4.85 3.35
32.5 24.7
18.45 24.35
24.3 22.6
34.25 23.95
24.8 6.4
34.05 13.05
4.85 2.9
7.8 13.7
30.25 19.4
6.6 13.45
8.5 27.05
17.4 6.5
16.2 5.9
32.25 24.45
10.15 11
13.65 5.9
9.35 26.6
19.4 7.6
29.6 19.85
11.4 19.25
18.6 3.45
6.8 26.85
22.15 5.2
15.4 10.1
31.25 27.85
23 5.75
14.7 4.1
11.05 9.1
33.25 13.7
11.55 6.3
11.7 26.35
21.65 9.45
7.35 10.5
22.15 25.1
7.55 23.7
15.9 4
13.75 10.45
32.8 20
14.35 5.75
23.3 9.85
6.85 23.25
5.15 11.35
16.95 4.75
6.3 19.1
21.1 4.05
19.1 2.65
8.55 12.1
19.5 11.05
30.7 20.05
17.65 7.05
23.65 9.1
15.7 7.15
11.6 25.9
9.9 18.65
18.45 6.6
5.35 19.05
19.9 2.05
14.25 8.7
22.9 23.2
32.15 26.65
30.25 24.3
34.4 21.25
35.05 20
11.3 20.7
10.6 5.05
24.15 4.55
13.45 7.95
12.4 4.35
6.2 12.55
7.35 18.2
23 7.35
12.8 19.75
31.7 17.65
32.3 7.65
35.35 8.05
12.45 9.3
24.15 23.3
10.55 25.15
7 26.5
8.95 22.8
17.6 9.9
9.95 22.65
23.9 23.45
21.15 5.7
15.25 2.7
18.85 9.05
22.55 23.5
6.1 11.75
14.8 11.35
22.5 4.75
16.05 8.95
5.4 12.85
31.45 26.95
23.15 22.6
30.05 18.8
18.8 8.1
22.8 6.45
30.7 11.65
34.2 22.9
10.75 26.55
15.15 5.95
36.1 7.5
34.6 7.25
5.8 4
13.55 3.15
7.75 21.2
6.65 3.8
30.35 8.85
32.5 9.65
10.6 18.15
35.75 21.3
31.95 23.15
8.95 22.2
15.35 5.5
7.8 3.35
33.05 26.5
5.15 3.45
9.4 25.55
30.45 18.05
36.55 8.65
15.55 8.2
9.7 12.1
35.45 4.1
10.75 27.7
34.25 17.35
33.6 23.9
33.7 6.15
32.75 7.1
18.65 4.75
34.2 4.2
32.95 15.65
32.75 17.3
7.5 28.25
11.3 7.95
32.45 16.75
23.1 21.7
14.6 3.05
20.5 21.85
10.4 16.75
13.55 7.45
30.65 27.15
14.25 8.25
30.75 8
14.3 9.3
23.1 5.3
29.5 8.15
30.75 26.9
14.9 27.55
35.7 22.3
34.8 10.1
21.15 2.85
24.3 5.65
20.7 10.65
20.45 2.8
14.1 10.05
33.45 17.45
16.6 7.95
34.4 24.9
35.05 21.5
18.65 7.3
30.75 6.1
20.05 6.35
21.9 23.65
14.65 5.05
11.8 8.95
20.05 6.95
21.7 21.9
32.85 17.95
31.95 12.95
16.7 7.4
19.75 5.05
4 24.25
33 15.15
7.2 2.75
30.25 20.45
5.8 26.95
15.45 9.7
12.85 10.65
18.6 10
21 7.15
16.25 10.2
20.65 23.85
15.6 4.75
20.05 9.95
5.5 22.6
12.75 3
10.9 10
4.15 20.35
20.05 10.2
30.85 7.35
15.25 3.5
14.45 2.4
15.05 7.8
10.55 22.3
13.5 18.65
7 18.9
6.1 22.6
35.55 10.75
10.4 10.55
16.65 2.8
13.45 27.5
22.65 21.1
30 6.7
18.5 10.55
6.4 10.7
33.25 14.7
17.95 11.9
7.85 11.85
5.3 26.1
33.2 14.15
15.85 12
7.1 11.95
36 8.2
31.45 23.7
18.45 22.8
18.75 5.15
6.55 24.3
18.4 4.6
12.8 27.35
16.55 2.15
19.45 3.9
22.35 9.2
22.65 6.65
7.25 3.55
32.1 21.15
11.5 7.5
19.8 21.85
7.55 26.3
6.55 5.05
5.85 11.2
6.6 25.75
4.3 24
34.15 19.3
35.65 9.85
14.3 7.5
35.25 9.4
20.75 6.55
32.75 13.1
32.35 6.45
21.7 23.8
5.45 4.85
17.3 4.8
6.35 1.95
6.7 4.8
13.2 9.35
33.85 26.05
8.65 21.3
31.55 21.6
18.3 12
22.75 9.35
13.75 16.6
30.5 25.5
13.05 6.2
20.8 4.7
20.1 9.4
8.65 22.5
12.4 5.8
12.9 11.7
13.6 11.1
19.7 24.6
34.3 11.75
21.45 3.75
8.85 13.35
33.85 23.3
14.45 10.75
34.4 25.6
33.85 9.8
33.15 13.2
5.7 12.25
6.4 21.95
33.85 18.4
13.6 26.5
22.9 8.45
20.6 11.15
20.95 10.2
23.3 24.45
5.35 24.7
30.35 22.05
16.4 8.7
8.15 4
10.1 6.75
33.25 23.35
8.3 18.5
8.05 12.9
35 21.05
7.45 21.95
15.2 18.2
23.5 5.05
9.2 23.9
23.95 6.9
15.8 12.6
19.1 21.85
19.2 21.35
31.75 17.2
9.95 19.8
35.4 19.35
33.05 18.85
8.6 20.9
36.4 9.1
9.35 17.7
30.6 10.5
15.5 6.75
13.4 25.1
12.9 26.5
17 12.9
34.9 4.65
34.6 22.05
9.65 21.9
9.6 21.3
8.1 3.55
10.9 22.85
6.4 10.25
14.3 6.95
15.5 17.15
14.1 4.1
33.55 8.6
7.15 17.9
21.1 8
21 22.6
18 8.55
31.5 18.55
20.65 24.3
32.3 19.85
15.25 8.65
31.85 27.75
23.5 7.85
35.55 5.35
13.1 8.95
5.45 24.2
11.35 5.55
15.95 2.8
31.05 25
19.45 2.65
36.55 7
17.3 4.15
12 20
31.55 19.65
34.5 5.05
18.75 9.55
4.8 25.05
35 6.8
19.5 8.65
31.8 9.45
29.85 9
20.7 5.15
35.15 25.3
20.4 5.65
32.6 22.55
22.55 24.3
33 7.9
9.45 23.35
13.75 18.15
34.05 12.55
34.45 20.65
33.95 6.6
23.6 5.7
33.65 4.6
13.7 3.65
17.6 4.3
16.35 10.85
23.85 7.35
21.15 22.95
33.5 9.3
32.05 12.25
19.75 23.65
19.25 5.95
13.1 21.3
22.2 22.4
14.7 4.5
16.1 3.55
12.55 4.9
15.55 28.65
22.75 7.05
18.15 1.95
22.55 7.9
6.55 21.15
18 10.65
21.3 20.8
15.7 6.35
5.8 21.95
8.05 27.2
23.8 25.25
34.7 11.75
32.3 10.25
31.15 17.9
35.3 18.55
35.4 24.7
14.85 9.55
21.65 4.85
9.3 27.25
12.3 28.4
32.8 6
18.4 3.6
12.35 21.6
11.55 10.2
21.6 24.65
12.35 8.45
10.85 21.5
11.95 6.75
35.95 19.85
13.05 17.4
10.55 24.35
31.55 25.2
8.75 18.8
11.7 22.15
34.35 7.7
21.8 11.15
32.45 23.7
13.15 9.8
8.3 10.55
24.85 7.95
8.1 11.2
15.65 2.05
11.15 28.7
32.6 18.35
15.15 9.3
18.4 6
19.2 12.25
20.15 20.9
19.55 22.25
31.95 8.15
29.6 23.15
4.95 4.05
9 25.85
17.85 7.75
35.25 26
17.05 9
33.05 3.85
7.65 2.15
31.55 22.2
13.9 5.3
30.1 7.4
5.9 10.3
11.05 23.9
5.3 20.4
15.15 7.1
15.1 10.25
29.35 22.55
5.65 25.8
31 19.9
10.85 21.05
20.05 11.6
30.5 19.3
34.65 11
31.75 5.95
14.05 11.75
10.05 25.95
33.1 20.75
12.15 16.4
12.05 23.4
30.55 18.8
11.1 8.45
20.55 5.75
33.7 7.05
30.4 11.1
